C_0d: 0.5166946106314179
C_0v: 100
C_Sf: 3.2236045163329416
C_Sr: 4.347220213529498
C_acc: 0.0
C_d: -0.970783861707475
C_dec: 0.0
C_v: 4191.0762273605
I_z: 0.075305
a_max: 5.5
a_min: -5.5
h_cg: 0.05668
l_f: 0.139
l_r: 0.18
l_wb: 0.319
m: 4.6048
model_name: ddrxnuc3
mu: 0.88639
tire_model: linear
