stheta: 0.0005467238771823815
stheta1: 0.0005467238771823815
sx: 0.0
sx1: 0.9999998505465048
sy: 0.0
sy1: 0.0005467238499457831
