sx: -0.09718624367308026
sy: -0.2714547483568415
stheta: 0.047587387384377955
sx1: 0.9988679339410629
sy1: 0.04756942867338791
stheta1: 0.047587387384377955
