image: hall_0609.png
resolution: 0.05
origin: [-16.661395, -74.150601, 0.0]
negate: 0
occupied_thresh: 0.65
free_thresh: 0.196
