sx: -4.682448702462214
sy: 0.25443504786017246
stheta: -0.7448571149172198
sx1: 0.73518476693544
sy1: -0.6778667704395037
stheta1: -0.7448571149172198
