0.966977 -0.00459046 0.254822 -0.000677991 -0.00310814 0.999551 0.0298008 -0.000762738 -0.254844 -0.0296088 0.966529 6.6037e-06
0.940019 -0.120971 0.318952 -0.00575764 0.0964357 0.991107 0.0916873 0.00507535 -0.327207 -0.0554294 0.943326 0.0413051
0.918965 -0.222957 0.32526 0.0322448 0.197188 0.974106 0.110606 0.011815 -0.341498 -0.0375054 0.939134 0.110863
0.898231 -0.350169 0.265635 0.053469 0.336859 0.93668 0.0956912 0.0321689 -0.282324 0.00352869 0.959313 0.294867
0.858431 -0.440336 0.263061 0.0982249 0.434218 0.896856 0.0842854 0.0251436 -0.273041 0.0418725 0.961091 0.507841
0.790446 -0.552079 0.265338 0.131618 0.551666 0.829894 0.0833099 0.00844488 -0.266196 0.0805262 0.960549 0.413964
0.726857 -0.630342 0.272669 0.152153 0.641349 0.764992 0.058818 0.00856244 -0.245665 0.132124 0.960308 0.632155
0.62242 -0.731288 0.278945 0.186276 0.738426 0.666811 0.100449 -0.0170515 -0.259461 0.143459 0.955039 0.856169
0.542092 -0.812758 0.213452 0.27884 0.800153 0.576844 0.164335 -0.0384908 -0.256693 0.0817092 0.963033 0.786669
0.605241 -0.78329 0.141915 0.361057 0.747069 0.620472 0.238541 -0.0706111 -0.274901 -0.0383548 0.960707 1.26639
0.604685 -0.780411 0.159107 0.373449 0.742736 0.624656 0.24114 -0.0756912 -0.287575 -0.0276394 0.957359 0.524275
0.64117 -0.762483 0.086717 0.550143 0.735297 0.642756 0.214951 0.0407801 -0.219634 -0.0740575 0.972767 1.00857
0.720593 -0.6916 0.0493447 0.7053 0.665587 0.709917 0.230244 0.140364 -0.194267 -0.133069 0.971881 1.22955
0.74578 -0.661481 0.0790912 0.732082 0.636429 0.742512 0.208887 0.155892 -0.196901 -0.105448 0.974736 0.500291
0.822758 -0.561052 0.091049 0.860717 0.557033 0.827768 0.0671903 0.273627 -0.113065 -0.00456408 0.993577 0.917781
0.879157 -0.46784 0.0905947 0.919378 0.467378 0.883628 0.027573 0.25673 -0.0929517 0.0181009 0.995506 0.761794
0.925043 -0.366929 0.0982784 0.992581 0.372725 0.926676 -0.0484581 0.238052 -0.0732915 0.0814566 0.993978 1.01497
0.943531 -0.284889 0.169079 1.0748 0.300266 0.951047 -0.0731467 0.219109 -0.139963 0.119785 0.982884 0.468392
0.885361 -0.363578 0.289737 1.21451 0.413609 0.90057 -0.133794 0.250673 -0.212284 0.238294 0.947709 0.897527
0.924237 -0.250321 0.288315 1.37446 0.308381 0.934633 -0.177095 0.274997 -0.225138 0.252588 0.941016 0.92781
0.944829 -0.154981 0.28858 1.43072 0.208039 0.964409 -0.163201 0.257449 -0.253016 0.214233 0.943444 0.492208
0.959284 -0.0356793 0.280182 1.57503 0.0893147 0.979405 -0.181074 0.272364 -0.267951 0.198726 0.942714 0.868643
0.966096 0.0689684 0.248801 1.74935 -0.0202941 0.980964 -0.193125 0.229859 -0.257384 0.181528 0.949105 0.750702
0.958033 0.189296 0.215268 1.93757 -0.134626 0.9601 -0.245121 0.175671 -0.253079 0.205853 0.945291 1.10923
0.98517 0.0549726 0.162536 2.42406 -0.0305522 0.988351 -0.149093 0.138385 -0.168839 0.141916 0.975373 1.04829
0.993138 -0.0565369 0.102372 2.64932 0.0654514 0.99415 -0.0859236 0.190513 -0.0969153 0.0920344 0.991028 1.01623
0.98814 0.0623253 0.140342 3.03942 -0.056175 0.997297 -0.0473709 0.241466 -0.142915 0.0389254 0.988969 1.00697
0.986131 0.105712 0.127944 3.24844 -0.0970172 0.992646 -0.0723976 0.221651 -0.134657 0.0589807 0.989135 0.547235
0.99031 0.078066 0.11486 3.53664 -0.0736347 0.996386 -0.0423363 0.262384 -0.11775 0.0334684 0.992479 0.983634
0.993721 -0.0387792 0.104954 3.76735 0.037298 0.999175 0.0160404 0.291862 -0.105489 -0.0120251 0.994348 1.05689
0.994793 -0.0587343 0.0832922 4.04026 0.0513666 0.994795 0.0879978 0.369353 -0.0880271 -0.0832612 0.992632 0.636725
0.989574 0.0678485 0.127041 4.27813 -0.0750772 0.995768 0.0529992 0.365586 -0.122907 -0.0619845 0.990481 0.951223
0.98573 0.00806109 0.168142 4.78312 -0.00756782 0.999965 -0.0035742 0.372368 -0.168165 0.00225073 0.985756 0.875456
0.992979 0.0328923 0.113627 5.29203 -0.0382827 0.998227 0.0455873 0.409461 -0.111926 -0.0496172 0.992477 0.792642
0.983692 0.149187 0.100466 5.55701 -0.149262 0.988774 -0.00681424 0.384808 -0.100355 -0.00829261 0.994917 0.539093
0.991437 0.0673817 0.111856 5.9289 -0.066866 0.997727 -0.00835989 0.408914 -0.112165 0.000808975 0.993689 0.89355
0.99284 0.0668306 0.0990026 6.42379 -0.0678107 0.997677 0.00656501 0.427774 -0.0983338 -0.0132314 0.995066 0.742446
0.980808 0.168817 0.0975496 6.64563 -0.169254 0.985565 -0.0038378 0.403313 -0.0967894 -0.0127466 0.995223 0.993854
0.987849 0.127153 0.0893677 7.14725 -0.125386 0.99179 -0.0251378 0.347351 -0.0918303 0.0136269 0.995681 0.95683
0.980518 0.166804 0.103734 7.60915 -0.167957 0.985791 0.00242573 0.271281 -0.101855 -0.0198014 0.994602 0.778017
0.978815 0.184444 0.0888961 8.1113 -0.183809 0.982842 -0.0153422 0.170245 -0.0902006 -0.00132273 0.995923 0.8595
0.991445 0.105905 0.0762963 8.6184 -0.106755 0.99426 0.00713007 0.120889 -0.0751032 -0.0152141 0.99706 0.76315
0.974974 0.21815 0.0428537 9.07446 -0.218619 0.975789 0.00652261 0.0384627 -0.0403932 -0.015728 0.99906 0.959535
0.991265 0.11683 0.0611932 9.3727 -0.117095 0.99312 0.000738944 -0.00442653 -0.0606859 -0.00789788 0.998126 0.980207
0.996204 0.0565427 0.0661907 9.79049 -0.0592685 0.997442 0.0399677 -0.027243 -0.0637615 -0.043739 0.997006 0.697021
0.980982 0.173685 0.086645 10.1736 -0.174246 0.984702 -0.00110536 -0.0693467 -0.0855115 -0.0140132 0.996239 0.885075
0.992724 0.07051 0.0976061 10.6382 -0.0722503 0.997282 0.014408 -0.13576 -0.096325 -0.0213552 0.995121 0.737549
0.994768 0.0761524 0.0680927 11.0974 -0.0787744 0.996217 0.0366844 -0.179201 -0.0650415 -0.0418564 0.997004 0.955582
0.989866 0.125665 0.06613 11.4944 -0.127133 0.991714 0.0184707 -0.237809 -0.0632609 -0.0266909 0.99764 0.654873
0.996217 0.0240988 0.0834921 11.6745 -0.0239327 0.999709 -0.0029904 -0.216164 -0.0835399 0.000980903 0.996504 0.889537
0.99113 -0.0865963 0.100812 11.9309 0.0842148 0.996064 0.0276519 -0.216002 -0.10281 -0.0189167 0.994521 0.947359
0.993173 -0.000390569 0.116651 12.4301 -0.00246207 0.999701 0.0243093 -0.25487 -0.116626 -0.0244306 0.992875 1.00939
0.991713 -0.051583 0.117663 12.8947 0.0522676 0.998629 -0.00273762 -0.272306 -0.117361 0.00886491 0.99305 0.511981
0.994224 -0.0629697 0.0869149 13.4091 0.0613156 0.997885 0.0215736 -0.290886 -0.0880896 -0.0161198 0.995982 0.566785
0.999284 0.0114194 0.0360702 13.842 -0.0119574 0.99982 0.0147363 -0.291681 -0.0358954 -0.015157 0.999241 0.954041
0.999499 0.0158606 0.0273807 13.8748 -0.0164879 0.999603 0.0228404 -0.300122 -0.0270075 -0.0232804 0.999364 0.430406
0.994187 -0.0831719 0.068373 14.0366 0.0817668 0.996384 0.0231035 -0.295425 -0.0700473 -0.0173785 0.997392 0.934691
0.983021 -0.163998 0.0823027 14.5375 0.157566 0.984312 0.0793898 -0.302553 -0.0940313 -0.0650737 0.99344 0.798226
0.993946 -0.0900892 0.0628855 14.9118 0.0879617 0.995479 0.0358236 -0.210179 -0.0658285 -0.0300752 0.997378 0.451974
0.979585 -0.193316 0.0551567 15.1015 0.191668 0.980878 0.0338023 -0.15251 -0.0606365 -0.0225404 0.997905 0.858724
0.952696 -0.295704 0.0702132 15.4258 0.291551 0.954434 0.0636758 -0.111174 -0.0858431 -0.0401929 0.995498 1.00842
0.940355 -0.333006 0.0695678 15.5163 0.326977 0.941168 0.0853751 -0.0795767 -0.0939054 -0.0575358 0.993917 0.516511
0.941203 -0.334994 0.0437622 15.6932 0.331017 0.940327 0.0788232 0.0133154 -0.0675561 -0.0597026 0.995928 0.998651
0.952568 -0.302395 0.0342394 16.0795 0.300053 0.952016 0.0602747 0.122818 -0.0508232 -0.047142 0.997594 0.466358
0.913253 -0.406535 0.0264127 16.2147 0.405738 0.913469 0.0308459 0.22683 -0.0366671 -0.0174534 0.999175 0.831864
0.864651 -0.500741 0.0404603 16.4272 0.497247 0.864524 0.0730981 0.282966 -0.0715821 -0.0430856 0.996504 0.785506
0.884389 -0.460428 0.0765661 16.9146 0.455425 0.887157 0.0744341 0.495834 -0.102198 -0.0309586 0.994282 0.847645
0.834218 -0.547847 0.0628021 17.4034 0.540455 0.834901 0.104158 0.72961 -0.109496 -0.0529484 0.992576 0.821952
0.830305 -0.551382 0.0810657 17.8385 0.540826 0.832293 0.121641 0.973199 -0.134541 -0.0571564 0.989258 0.693201
0.804004 -0.589723 0.0761852 18.2092 0.585355 0.807482 0.0730162 1.30397 -0.104578 -0.0141099 0.994417 0.872777
0.729368 -0.676142 0.104182 18.4361 0.664258 0.736361 0.128581 1.44718 -0.163655 -0.024579 0.986211 0.806352
0.789558 -0.608692 0.0780534 18.8508 0.596497 0.791106 0.135438 1.73474 -0.144188 -0.0603774 0.987707 0.753648
0.737385 -0.673384 0.0530807 19.2113 0.66425 0.737156 0.12399 2.05435 -0.122621 -0.0561693 0.990863 0.592602
0.663701 -0.744233 0.0749538 19.3036 0.733481 0.667191 0.129853 2.18681 -0.146649 -0.0312064 0.988696 0.718383
0.657963 -0.7515 0.0483 19.6751 0.744686 0.658848 0.106594 2.58944 -0.111928 -0.0341666 0.993129 0.802208
0.562812 -0.826356 0.0194803 19.9074 0.822273 0.562124 0.0887939 2.80748 -0.0843257 -0.0339561 0.99586 0.760869
0.469882 -0.882525 0.0189896 19.9603 0.878105 0.469512 0.0921402 2.97688 -0.0902318 -0.0266202 0.995565 0.587342
0.347559 -0.937612 0.00924708 20.0011 0.93089 0.346217 0.116524 3.18435 -0.112456 -0.031891 0.993145 0.775457
0.24847 -0.96864 -0.000462707 20.0912 0.952115 0.244143 0.18404 3.55545 -0.178156 -0.0461689 0.982919 0.554016
0.140607 -0.990024 -0.00902749 20.1709 0.982013 0.138297 0.128544 3.85296 -0.126013 -0.0269393 0.991663 0.80392
0.0364293 -0.998968 -0.027116 20.2308 0.988177 0.0319656 0.14995 4.10189 -0.148928 -0.0322579 0.988322 0.591126
-0.0839595 -0.995499 -0.0439587 20.1751 0.984766 -0.0896338 0.149001 4.38365 -0.15227 -0.030779 0.987859 0.372643
-0.017761 -0.99891 -0.043168 20.2091 0.991356 -0.0232072 0.129133 4.72433 -0.129994 -0.0405013 0.990687 0.825292
-0.0589945 -0.997148 -0.0470771 20.2401 0.993245 -0.0633535 0.0972197 5.21729 -0.0999249 -0.0410236 0.994149 0.643602
-0.111257 -0.990778 -0.0773377 20.2259 0.98079 -0.122015 0.152192 5.68778 -0.160225 -0.0589197 0.985321 0.866067
-0.00850429 -0.997818 -0.0654704 20.2609 0.987049 -0.0188651 0.159306 5.97027 -0.160194 -0.0632677 0.985056 0.846797
-0.100834 -0.993149 -0.0590478 20.2305 0.98432 -0.108219 0.139292 6.47278 -0.144728 -0.0440766 0.988489 0.780312
-0.136765 -0.988144 -0.0697563 20.1424 0.978488 -0.145736 0.146024 6.94449 -0.154459 -0.0482848 0.986819 0.628113
-0.199873 -0.9781 -0.0580681 20.0417 0.9679 -0.206311 0.143544 7.45319 -0.15238 -0.0275135 0.987939 0.604379
-0.312455 -0.945908 -0.0873436 19.9317 0.93619 -0.322214 0.14045 7.68757 -0.160996 -0.0378859 0.986228 0.444718
-0.376841 -0.921183 -0.0970231 19.7611 0.914726 -0.386585 0.117597 8.1045 -0.145836 -0.044434 0.98831 0.738806
-0.470639 -0.878131 -0.0859374 19.6505 0.87181 -0.477812 0.107907 8.41145 -0.135818 -0.0241358 0.99044 0.546835
-0.560212 -0.815466 -0.145525 19.6378 0.811942 -0.575368 0.0984917 8.65951 -0.164047 -0.062982 0.98444 0.445391
-0.488259 -0.854971 -0.17501 19.5025 0.846551 -0.51273 0.143039 9.10277 -0.212027 -0.0783153 0.974121 0.670727
-0.489385 -0.868835 -0.0750277 19.3248 0.856219 -0.495037 0.147741 9.58836 -0.165504 0.00806222 0.986176 0.598241
-0.590785 -0.80489 -0.0558989 19.2959 0.795359 -0.592628 0.127266 9.81177 -0.135562 0.030727 0.990292 0.756872
-0.491178 -0.862838 -0.119394 19.0726 0.851558 -0.504491 0.142612 10.1528 -0.183284 -0.0316226 0.982551 0.680393
-0.558889 -0.804809 -0.199812 18.6528 0.793959 -0.588881 0.151152 10.4332 -0.239314 -0.0741653 0.968105 0.621464
-0.647026 -0.741587 -0.177216 18.4688 0.730748 -0.669468 0.133487 10.5698 -0.217633 -0.0431305 0.975077 0.537244
-0.747076 -0.642685 -0.169806 18.2821 0.627471 -0.766126 0.139038 10.648 -0.21945 -0.00267626 0.97562 0.690419
-0.782832 -0.601283 -0.160103 18.0111 0.594887 -0.798669 0.0907565 10.9752 -0.18244 -0.0241962 0.982919 0.416689
-0.721763 -0.677868 -0.139831 17.8294 0.675251 -0.733989 0.0727803 11.1623 -0.15197 -0.0418907 0.987497 0.350839
-0.765578 -0.62553 -0.150339 17.5618 0.625294 -0.778462 0.0548091 11.488 -0.151318 -0.0520455 0.987114 0.678396
-0.822888 -0.534867 -0.191761 17.3741 0.539616 -0.841337 0.0310768 11.6365 -0.177958 -0.0779048 0.980949 0.635194
-0.813991 -0.542676 -0.207177 16.9429 0.544436 -0.837089 0.0535851 11.9285 -0.202505 -0.069177 0.976835 0.580664
-0.874391 -0.44814 -0.186038 16.778 0.449094 -0.892615 0.0394135 12.0334 -0.183723 -0.0490856 0.981752 0.579527
-0.922531 -0.335398 -0.190904 16.6581 0.341144 -0.940006 0.00293343 12.1161 -0.180435 -0.0624195 0.981604 0.545515
-0.951264 -0.235165 -0.199485 16.5586 0.244443 -0.969394 -0.022869 12.1914 -0.188001 -0.070517 0.979634 0.508186
-0.972123 -0.17361 -0.157598 16.1069 0.182397 -0.982284 -0.0430103 12.4077 -0.147339 -0.0705566 0.986566 0.590483
-0.984677 -0.125983 -0.120582 15.5922 0.123705 -0.991972 0.0262263 12.4655 -0.122918 0.0109079 0.992357 0.661599
-0.993553 -0.0180163 -0.111929 15.4308 0.0174295 -0.999829 0.00621817 12.5096 -0.112022 0.00422721 0.993697 0.647278
-0.989564 0.102711 -0.101067 15.2699 -0.099588 -0.994396 -0.0354913 12.53 -0.104146 -0.0250558 0.994246 0.560569
-0.99553 -0.0105952 -0.0938528 14.7198 0.0111822 -0.999921 -0.00573015 12.5731 -0.0937847 -0.00675401 0.99557 0.53318
-0.9933 0.0123799 -0.114899 14.2367 -0.0134375 -0.999874 0.0084346 12.6244 -0.11478 0.00992204 0.993341 0.704516
-0.988208 -0.023091 -0.151367 13.7174 0.0261676 -0.999489 -0.0183648 12.6236 -0.150865 -0.0221092 0.988307 0.774676
-0.978304 -0.0857769 -0.188581 13.2155 0.0873993 -0.996173 -0.000288939 12.6925 -0.187834 -0.0167645 0.982058 0.787029
-0.975475 0.0159679 -0.219528 12.82 -0.0107368 -0.99963 -0.0250015 12.6627 -0.219846 -0.0220313 0.975286 0.472546
-0.960052 -0.105192 -0.259296 12.4358 0.10164 -0.994452 0.0271041 12.663 -0.260709 -0.000333644 0.965417 0.499501
-0.974517 -0.073624 -0.211887 11.9613 0.0719144 -0.997286 0.0157742 12.7794 -0.212474 0.000134436 0.977167 0.680604
-0.969569 0.011831 -0.24453 11.4454 -0.00497417 -0.999577 -0.0286392 12.7752 -0.244766 -0.0265514 0.969219 0.655223
-0.973241 -0.0945169 -0.209446 11.1159 0.0944182 -0.995477 0.0104928 12.8085 -0.20949 -0.00956351 0.977764 0.654908
-0.976021 0.0284782 -0.215805 10.667 -0.0206877 -0.999053 -0.0382734 12.8219 -0.216691 -0.0328911 0.975686 0.409548
-0.974207 0.0953369 -0.204528 10.2075 -0.0884351 -0.995169 -0.0426458 12.7884 -0.207605 -0.0234584 0.977931 0.704662
-0.98066 -0.0195203 -0.194742 9.82924 0.0154648 -0.999631 0.0223239 12.7987 -0.195106 0.0188805 0.9806 0.54796
-0.974853 0.0991625 -0.199572 9.47183 -0.0967847 -0.99507 -0.0216602 12.8111 -0.200736 -0.0018 0.979644 0.40927
-0.968837 0.125201 -0.213725 9.05957 -0.11737 -0.991879 -0.0489967 12.7634 -0.218124 -0.0223848 0.975664 0.718008
-0.978764 0.012956 -0.204582 8.73097 -0.014738 -0.999866 0.00718928 12.7634 -0.204461 0.0100517 0.978823 0.553043
-0.981339 0.0594562 -0.18286 8.22021 -0.0601547 -0.998188 -0.00172965 12.7602 -0.182632 0.00930252 0.983137 0.612936
-0.986032 0.0523007 -0.158132 7.71704 -0.0501824 -0.998589 -0.0173618 12.7417 -0.158817 -0.00918386 0.987265 0.408994
-0.984071 -0.0523182 -0.169903 7.29797 0.0500479 -0.998591 0.0176207 12.7101 -0.170586 0.00883668 0.985303 0.592994
-0.985675 0.017584 -0.167739 6.82639 -0.0149566 -0.999745 -0.0169146 12.7587 -0.167994 -0.0141635 0.985686 0.76519
-0.978806 -0.0926569 -0.182631 6.52446 0.0981234 -0.99495 -0.0211069 12.8186 -0.179753 -0.03858 0.982955 0.487181
-0.962756 -0.205229 -0.176015 6.29018 0.202259 -0.978712 0.0348519 12.8368 -0.179421 -0.00204672 0.98377 0.737485
-0.956808 -0.192908 -0.217496 5.81817 0.194129 -0.980846 0.0159493 12.9259 -0.216406 -0.0269617 0.975931 0.578213
-0.955328 -0.223694 -0.193159 5.28808 0.225471 -0.974163 0.0130249 12.9939 -0.191082 -0.0311086 0.981081 0.536611
-0.925069 -0.335649 -0.177726 5.06667 0.329115 -0.941984 0.0659567 13.0474 -0.189553 0.00252225 0.981867 0.54542
-0.955394 -0.241686 -0.169738 4.59183 0.242504 -0.970015 0.0162121 13.1829 -0.168566 -0.0256732 0.985356 0.720169
-0.959907 -0.23899 -0.146498 4.21275 0.239554 -0.970781 0.0140475 13.2069 -0.145575 -0.0216099 0.989111 0.379209
-0.925774 -0.34276 -0.159558 3.92426 0.340312 -0.939315 0.0432925 13.3157 -0.164714 -0.0142205 0.986239 0.591032
-0.962061 -0.237497 -0.13429 3.53729 0.235995 -0.971373 0.0272262 13.3985 -0.136912 -0.00549855 0.990568 0.616445
-0.977323 -0.126462 -0.169847 3.30277 0.128055 -0.991766 0.00158617 13.388 -0.168649 -0.0201996 0.985469 0.472551
-0.973245 -0.172673 -0.151583 2.86467 0.175043 -0.984558 -0.00233443 13.4396 -0.148839 -0.0288056 0.988442 0.754792
-0.9863 -0.0797424 -0.144406 2.36954 0.0806964 -0.996738 -0.000752068 13.4893 -0.143875 -0.0123948 0.989518 0.687127
-0.987238 0.0406563 -0.153977 2.13568 -0.0315302 -0.997624 -0.0612553 13.498 -0.156101 -0.0556186 0.986174 0.567783
-0.993652 0.0241234 -0.10988 1.62364 -0.0208491 -0.999307 -0.0308511 13.3954 -0.110548 -0.0283643 0.993466 0.740375
-0.987509 0.131414 -0.0869241 1.36404 -0.125977 -0.989878 -0.0653533 13.3669 -0.0946326 -0.0535865 0.994069 0.917841
-0.981946 0.166825 -0.0891713 1.31216 -0.160363 -0.984179 -0.0753354 13.3526 -0.100328 -0.0596755 0.993163 0.310004
-0.95099 0.293392 -0.0976656 1.17411 -0.284088 -0.953701 -0.0987366 13.2666 -0.122112 -0.0661519 0.990309 0.767707
-0.915998 0.392653 -0.0822871 1.02901 -0.381791 -0.916186 -0.121819 13.2143 -0.123223 -0.0801691 0.989136 0.666733
-0.891525 0.439907 -0.108007 0.786481 -0.442665 -0.896686 0.00174088 12.9802 -0.0960829 0.0493631 0.994149 0.713598
-0.823032 0.565375 -0.0544917 0.576189 -0.55974 -0.823626 -0.0912736 12.8197 -0.0964847 -0.0446199 0.994334 0.734403
-0.744172 0.667265 -0.0310754 0.508311 -0.657751 -0.740087 -0.140125 12.804 -0.116499 -0.0838373 0.989646 0.927497
-0.711641 0.702344 -0.0167112 0.487442 -0.693674 -0.706226 -0.141634 12.7857 -0.111278 -0.0892003 0.989778 0.324952
-0.627539 0.778295 -0.0212832 0.454897 -0.766086 -0.622112 -0.161522 12.7057 -0.138952 -0.0850567 0.98664 0.509426
-0.542672 0.839771 0.0170956 0.409323 -0.828673 -0.531955 -0.174138 12.6451 -0.137142 -0.108666 0.984573 0.681569
-0.444124 0.895342 0.0334081 0.428137 -0.880344 -0.429145 -0.20206 12.5878 -0.166576 -0.119151 0.978803 0.513519
-0.314616 0.946478 0.0720899 0.438832 -0.937144 -0.297642 -0.182127 12.5031 -0.150922 -0.124859 0.980629 0.718134
-0.200412 0.973425 0.110813 0.458044 -0.965814 -0.177317 -0.189107 12.4574 -0.164433 -0.144924 0.975684 0.858751
-0.0702521 0.992626 0.0987853 0.479368 -0.977614 -0.0488215 -0.204665 12.4183 -0.198333 -0.110952 0.973834 0.522466
0.0423521 0.994706 0.0936238 0.463898 -0.983717 0.0578986 -0.170145 12.3361 -0.174665 -0.0848933 0.980961 0.749572
0.157835 0.981467 0.10868 0.473532 -0.966421 0.176134 -0.1871 12.3076 -0.202775 -0.0754998 0.97631 0.671912
0.275617 0.954303 0.115504 0.485405 -0.944213 0.291299 -0.153644 12.2679 -0.180269 -0.0667132 0.981352 0.839846
0.392913 0.904471 0.165988 0.47627 -0.89687 0.416781 -0.148047 12.2115 -0.203084 -0.0907005 0.974951 0.379707
0.492353 0.863196 0.111723 0.420164 -0.852502 0.504135 -0.13816 12.095 -0.175583 -0.0272203 0.984088 0.749673
0.457675 0.867738 0.193815 0.567652 -0.874666 0.478553 -0.0771109 11.785 -0.159663 -0.134232 0.978003 0.4207
0.554809 0.808612 0.195789 0.699748 -0.822869 0.568052 -0.0142932 11.7183 -0.122776 -0.153178 0.980542 0.626799
0.644545 0.7363 0.205973 0.756263 -0.751778 0.6594 -0.00466926 11.6724 -0.139257 -0.151836 0.978546 0.909351
0.726289 0.660859 0.189127 0.852607 -0.665541 0.744881 -0.0469862 11.6361 -0.171928 -0.0917461 0.980828 0.499871
0.793804 0.595575 0.12315 0.97842 -0.587529 0.803283 -0.0977056 11.5107 -0.157115 0.00520491 0.987567 0.579037
0.721453 0.677727 0.142099 1.02871 -0.661424 0.735198 -0.148331 11.1796 -0.204999 0.0130266 0.978676 0.651547
0.646962 0.750702 0.133741 0.988496 -0.738987 0.660514 -0.132736 11.0296 -0.187983 -0.0129579 0.982087 0.654865
0.565727 0.813487 0.134878 1.03639 -0.803134 0.580656 -0.133468 10.8879 -0.186892 -0.0328192 0.981832 0.752509
0.462604 0.875845 0.137451 1.05705 -0.87047 0.478122 -0.116968 10.752 -0.168164 -0.0655369 0.983578 0.621683
0.365039 0.922999 0.121733 1.08485 -0.917725 0.378743 -0.119724 10.6259 -0.156611 -0.0680138 0.985316 0.62281
0.271686 0.957349 0.0983338 1.13935 -0.953254 0.281742 -0.109219 10.4031 -0.132266 -0.0640638 0.989142 0.799361
0.371893 0.920882 0.116926 1.2388 -0.915511 0.384675 -0.117746 10.0405 -0.153409 -0.0632578 0.986136 0.746056
0.304978 0.947255 0.0984744 1.40086 -0.944195 0.314253 -0.0986968 9.56383 -0.124437 -0.0628787 0.990233 0.724193
0.347214 0.932127 0.102868 1.44613 -0.933374 0.354123 -0.0583883 9.07134 -0.0908531 -0.0757408 0.99298 0.862221
0.379633 0.911502 0.158251 1.60955 -0.91689 0.393493 -0.0669035 8.57413 -0.123253 -0.1197 0.98513 0.620405
0.363662 0.924643 0.113074 1.66591 -0.927153 0.371031 -0.0521927 8.1036 -0.0902137 -0.0858566 0.992215 0.801114
0.459659 0.877222 0.138545 1.76742 -0.881032 0.470057 -0.0531934 7.81701 -0.111787 -0.0976119 0.988927 0.850536
0.380927 0.913559 0.142493 1.89601 -0.916452 0.393478 -0.0727324 7.31734 -0.122513 -0.102883 0.98712 0.90128
0.451876 0.880724 0.14189 2.09125 -0.883137 0.464117 -0.0683012 6.85916 -0.126008 -0.0944448 0.987523 0.720007
0.537958 0.823042 0.182215 2.21904 -0.830869 0.554196 -0.0502338 6.49623 -0.142327 -0.124373 0.981975 0.815433
0.518336 0.844589 0.134153 2.45934 -0.846003 0.529343 -0.0638315 6.05071 -0.124924 -0.0804075 0.988903 0.683136
0.605973 0.779128 0.160487 2.56675 -0.779254 0.621949 -0.0770847 5.88044 -0.159874 -0.0783489 0.984023 0.686294
0.669312 0.712533 0.210519 2.73343 -0.704418 0.698665 -0.125149 5.70633 -0.236255 -0.0645297 0.969546 0.826256
0.645878 0.72057 0.252229 3.04386 -0.696261 0.691484 -0.192537 5.30493 -0.313149 -0.0512619 0.94832 0.800259
0.701274 0.653172 0.285625 3.37545 -0.624886 0.756047 -0.194705 4.90958 -0.343122 -0.041942 0.938354 0.740473
0.780421 0.577579 0.239468 3.72902 -0.556371 0.816249 -0.15553 4.65927 -0.285296 -0.0118547 0.958366 0.60875
0.728029 0.663285 0.173279 4.00817 -0.650318 0.748176 -0.131601 4.33415 -0.216932 -0.016877 0.976041 0.501453
0.803267 0.573341 0.161376 4.29697 -0.565446 0.819193 -0.0958786 4.10889 -0.187169 -0.014233 0.982225 0.803537
0.807285 0.557546 0.193477 4.74254 -0.551372 0.829435 -0.0895906 3.80316 -0.210428 -0.0343528 0.977006 0.708303
0.748334 0.642142 0.166282 5.02226 -0.633504 0.766189 -0.107829 3.57111 -0.196645 -0.0246488 0.980165 0.496334
0.81184 0.550633 0.194214 5.34449 -0.544107 0.834125 -0.0904621 3.32612 -0.21181 -0.0322323 0.976779 0.84884
0.837585 0.492929 0.235528 5.77662 -0.492549 0.867873 -0.0647399 3.10229 -0.23632 -0.0617839 0.969709 0.615178
0.811362 0.549392 0.199648 6.17777 -0.54462 0.834547 -0.0831936 2.79299 -0.212322 -0.0412321 0.97633 0.719813
0.848922 0.456867 0.265713 6.56169 -0.450307 0.888437 -0.0889002 2.55406 -0.276685 -0.044183 0.959944 0.515841
0.827193 0.510944 0.233853 6.97364 -0.506752 0.858141 -0.0824449 2.34661 -0.242804 -0.0503077 0.96877 0.719765
0.889294 0.400632 0.220569 7.40134 -0.39931 0.915307 -0.0525775 2.10207 -0.222953 -0.0413188 0.973953 0.753302
0.922955 0.291651 0.251186 7.69896 -0.296857 0.954756 -0.0177969 2.03331 -0.245012 -0.0581405 0.967775 0.513401
0.929669 0.262083 0.258897 8.15272 -0.268974 0.963104 -0.00910108 1.91123 -0.25173 -0.0611756 0.965862 0.723257
0.964087 0.138212 0.22679 8.58479 -0.149402 0.98823 0.0328566 1.80874 -0.219579 -0.0655595 0.973389 0.655984
0.965644 0.0266881 0.258494 8.85997 -0.040975 0.997906 0.0500403 1.83196 -0.256617 -0.0589129 0.964716 0.883634
0.972851 0.0331663 0.229046 9.35872 -0.0489183 0.996786 0.0634393 1.79775 -0.226205 -0.0729215 0.971346 0.791156
0.979448 0.0389773 0.197895 9.88773 -0.0469202 0.998264 0.0356061 1.79695 -0.196163 -0.0441596 0.979576 0.724257
0.977849 -0.0649596 0.198976 10.2704 0.0555894 0.997082 0.0523279 1.79262 -0.201795 -0.0401078 0.978606 0.541384
0.97642 -0.0144443 0.215394 10.6713 0.00138485 0.998158 0.0606585 1.79467 -0.215873 -0.0589299 0.974641 0.893434
0.981792 -0.00329816 0.189932 11.1701 -0.00510355 0.99903 0.0437292 1.75917 -0.189892 -0.0439023 0.980823 0.638387
0.970579 -0.0758296 0.22853 11.6854 0.0613076 0.995661 0.0699984 1.77984 -0.232846 -0.0539284 0.971017 0.825492
0.977785 0.0367566 0.206364 12.2118 -0.046076 0.998115 0.0405358 1.7714 -0.204485 -0.0491437 0.977635 0.564804
0.971936 -0.0661965 0.225738 12.6264 0.0508425 0.996023 0.0731716 1.80556 -0.229684 -0.059641 0.971436 0.881456
0.970102 -0.133893 0.202423 13.1127 0.116588 0.98861 0.0951747 1.91633 -0.212861 -0.0687289 0.974662 0.781566
0.971372 -0.148992 0.185034 13.6162 0.136068 0.987403 0.0807568 1.98098 -0.194735 -0.0532677 0.979408 0.686628
0.947714 -0.255457 0.191259 13.7586 0.23429 0.963901 0.126505 2.02245 -0.216671 -0.0750808 0.973353 0.74871
0.909247 -0.370262 0.190202 13.9675 0.341509 0.924793 0.167717 2.10678 -0.237996 -0.0875402 0.967313 0.959872
0.901272 -0.392995 0.182383 14.4222 0.363763 0.915063 0.174172 2.2504 -0.235341 -0.0906325 0.967678 0.806438
0.870739 -0.470304 0.143621 14.9031 0.449535 0.879679 0.155189 2.43869 -0.199327 -0.0705667 0.977389 0.708738
0.804641 -0.574739 0.149089 15.1379 0.548281 0.815582 0.184972 2.59446 -0.227905 -0.0670935 0.971369 0.85431
0.804646 -0.577234 0.139086 15.5572 0.549461 0.812681 0.194017 2.91892 -0.225026 -0.0796933 0.971088 0.784752
0.733826 -0.666933 0.129229 15.8678 0.641377 0.742868 0.191788 3.17494 -0.22391 -0.0578546 0.972891 0.839981
0.649956 -0.75045 0.119929 16.0617 0.716637 0.657741 0.231967 3.38904 -0.252962 -0.0648225 0.965302 0.827297
0.670287 -0.731367 0.125768 16.4138 0.700822 0.679581 0.216836 3.75943 -0.244056 -0.0572009 0.968073 0.702688
0.58925 -0.80402 0.0796012 16.7094 0.776155 0.590673 0.220656 4.09796 -0.22443 -0.0682389 0.972098 0.667645
0.500546 -0.862058 0.0794345 16.8162 0.829168 0.503773 0.242267 4.31241 -0.248866 -0.0554015 0.966952 0.674503
0.503643 -0.860016 0.081955 17.1149 0.830566 0.508122 0.227972 4.76041 -0.237703 -0.0467477 0.970212 0.699742
0.400335 -0.915506 0.0397656 17.1689 0.885918 0.397761 0.238614 4.98733 -0.234269 -0.0602963 0.9703 0.569264
0.296657 -0.954748 0.0212498 17.1882 0.916677 0.290925 0.27398 5.14675 -0.267764 -0.0617989 0.961501 0.622507
0.180666 -0.983092 -0.0298431 17.2401 0.946488 0.165529 0.277057 5.33527 -0.267432 -0.0783008 0.96039 0.83052
0.0693093 -0.995859 -0.0588335 17.2205 0.970774 0.053745 0.233901 5.8628 -0.22977 -0.0733255 0.970479 0.794144
-0.060626 -0.994912 -0.0804642 17.1645 0.973783 -0.0766599 0.214174 6.0406 -0.219252 -0.0653702 0.973476 0.63482
-0.180504 -0.975824 -0.123229 17.0966 0.949517 -0.205564 0.236982 6.16359 -0.256584 -0.0742324 0.963667 0.652862
-0.280578 -0.947167 -0.155407 17.0771 0.923662 -0.310471 0.224626 6.25338 -0.261008 -0.0805183 0.961973 0.745079
-0.374524 -0.903582 -0.208017 17.024 0.886685 -0.414628 0.204627 6.34062 -0.271147 -0.107808 0.956481 0.808837
-0.480204 -0.843293 -0.241372 16.9059 0.836369 -0.523134 0.163763 6.40619 -0.26437 -0.123236 0.956515 0.621804
-0.568042 -0.781036 -0.259445 16.6762 0.782229 -0.610364 0.124793 6.44089 -0.255824 -0.132058 0.957661 0.62735
-0.664439 -0.704759 -0.248668 16.5498 0.713393 -0.697264 0.0699593 6.47892 -0.222692 -0.130914 0.966059 0.762385
-0.766056 -0.59741 -0.237191 16.4574 0.607029 -0.793739 0.038658 6.46338 -0.211362 -0.114368 0.970694 0.672695
-0.831683 -0.49813 -0.245294 16.3997 0.512006 -0.858942 0.00830901 6.44331 -0.214832 -0.118682 0.969413 0.771683
-0.883624 -0.390991 -0.257556 16.3523 0.407296 -0.91323 -0.0109927 6.41227 -0.23091 -0.114615 0.966201 0.803852
-0.929371 -0.258688 -0.263344 16.2801 0.276578 -0.960438 -0.032618 6.35774 -0.244488 -0.103149 0.96415 0.653009
-0.956381 -0.135729 -0.258673 16.2138 0.153208 -0.987 -0.0485562 6.30538 -0.24872 -0.0860691 0.964744 0.673964
-0.959642 0.00163964 -0.28122 16.1372 0.0209903 -0.996776 -0.0774395 6.24965 -0.28044 -0.0802171 0.956514 0.654267
-0.949579 0.141975 -0.279541 16.0894 -0.117871 -0.987847 -0.101315 6.18546 -0.290528 -0.0632566 0.954773 0.641127
-0.923494 0.271123 -0.271387 16.0446 -0.240341 -0.960315 -0.141535 6.12037 -0.29899 -0.0654811 0.952007 0.47319
-0.892906 0.373317 -0.251701 16.0001 -0.338286 -0.925168 -0.172123 6.04254 -0.297122 -0.0685423 0.952376 0.494695
-0.844968 0.477499 -0.240881 15.9543 -0.43766 -0.876224 -0.201708 5.92658 -0.307381 -0.0650122 0.949363 0.577234
-0.788358 0.584528 -0.191882 15.9376 -0.546544 -0.808618 -0.217777 5.75787 -0.282456 -0.0668145 0.956951 0.571945
-0.721211 0.680678 -0.128579 15.6722 -0.657751 -0.731134 -0.181126 5.56427 -0.217297 -0.046057 0.975018 0.616057
-0.649139 0.753633 -0.103228 15.5566 -0.730072 -0.655366 -0.193622 5.47135 -0.213572 -0.0503242 0.97563 0.76854
-0.563286 0.821475 -0.0888144 15.543 -0.801908 -0.569421 -0.180842 5.32369 -0.19913 -0.030645 0.979494 0.675445
-0.476331 0.876182 -0.0735802 15.4552 -0.853655 -0.480885 -0.20006 5.15083 -0.210672 -0.0324826 0.977017 0.559249
-0.48093 0.873152 -0.0794534 15.2697 -0.846742 -0.486063 -0.216265 4.78792 -0.227451 -0.0367316 0.973096 0.88133
-0.549411 0.827818 -0.113423 15.0144 -0.812381 -0.560977 -0.159193 4.47348 -0.19541 0.00467985 0.98071 0.5374
-0.524964 0.847994 -0.0729305 14.7317 -0.832235 -0.529378 -0.164754 4.11846 -0.178319 -0.0257949 0.983635 0.773969
-0.60568 0.786985 -0.117502 14.6308 -0.770037 -0.61692 -0.162645 3.98642 -0.200489 -0.00803046 0.979663 0.779071
-0.690684 0.706536 -0.154149 14.4868 -0.690605 -0.707669 -0.149229 3.91535 -0.214522 0.00338604 0.976713 0.881502
-0.761955 0.62496 -0.169851 14.3827 -0.611759 -0.78063 -0.127937 3.86524 -0.212546 0.00642497 0.97713 0.713997
-0.831998 0.521339 -0.189699 14.2582 -0.511142 -0.853278 -0.103204 3.83175 -0.21567 0.0110972 0.976403 0.815584
-0.892137 0.405553 -0.199045 13.9806 -0.399498 -0.913937 -0.0715536 3.77023 -0.210933 0.0156824 0.977375 0.791622
-0.934615 0.315656 -0.16388 13.6115 -0.30767 -0.948712 -0.072697 3.74104 -0.178422 -0.0175226 0.983798 0.779142
-0.964 0.207468 -0.166317 13.4635 -0.202594 -0.978184 -0.0459427 3.69448 -0.172221 -0.0105938 0.985001 0.833398
-0.974 0.0880155 -0.208752 13.3344 -0.0838299 -0.996063 -0.0288315 3.69175 -0.210468 -0.0105822 0.977543 0.946851
-0.977397 -0.0513615 -0.205077 13.1161 0.0501359 -0.99868 0.0111715 3.68249 -0.20538 0.000637313 0.978682 0.848703
-0.978401 -0.0925342 -0.184848 12.6489 0.0907857 -0.995709 0.0179193 3.7785 -0.185713 0.000750677 0.982604 0.691658
-0.968488 -0.168723 -0.183203 12.1397 0.167454 -0.985623 0.0224855 3.82815 -0.184363 -0.00890131 0.982818 0.866885
-0.943709 -0.28365 -0.170163 11.8289 0.277433 -0.958884 0.0597754 3.90269 -0.180122 0.00920194 0.983601 0.819817
-0.970173 -0.167977 -0.174781 11.4381 0.16903 -0.98557 0.00895177 3.99105 -0.173762 -0.0208585 0.984567 0.584676
-0.979394 -0.106359 -0.171686 11.0204 0.112475 -0.993307 -0.0262695 4.07829 -0.167743 -0.0450385 0.984801 0.87572
-0.978372 -0.136494 -0.155426 10.5156 0.140286 -0.990017 -0.013643 4.13398 -0.152012 -0.0351519 0.987753 0.897242
-0.982636 -0.0176826 -0.184701 10.2586 0.0235652 -0.999281 -0.0297025 4.14102 -0.184043 -0.0335393 0.982346 0.729473
-0.981616 0.0701273 -0.177515 9.76419 -0.0596755 -0.996193 -0.0635545 4.1238 -0.181296 -0.0517928 0.982064 0.386465
-0.982477 -0.0253676 -0.184651 9.40629 0.0231336 -0.999631 0.014243 4.1561 -0.184944 0.00972175 0.982701 0.787147
-0.980943 0.0751903 -0.179159 8.88174 -0.0746926 -0.997161 -0.00953164 4.16859 -0.179367 0.00403185 0.983774 0.777385
-0.9769 0.050291 -0.207695 8.56447 -0.0455694 -0.998584 -0.0274586 4.18968 -0.208782 -0.0173597 0.977808 0.384648
-0.970834 -0.0751095 -0.227684 8.28448 0.0703888 -0.997104 0.0287947 4.17642 -0.229187 0.0119285 0.973309 0.61516
-0.966639 -0.0847511 -0.241714 7.78315 0.0794759 -0.996339 0.0315097 4.27479 -0.243499 0.0112481 0.969836 0.764502
-0.965329 -0.130846 -0.225876 7.26809 0.127889 -0.9914 0.0277407 4.31068 -0.227564 -0.00210816 0.973761 0.689484
-0.941204 -0.246961 -0.230531 7.04815 0.23635 -0.968921 0.073013 4.42308 -0.241398 0.0142341 0.970322 0.75395
-0.932466 -0.312064 -0.181998 6.55435 0.299792 -0.949543 0.092158 4.55393 -0.201574 0.0313728 0.978971 0.774132
-0.89663 -0.41015 -0.166826 6.22879 0.400414 -0.911914 0.0899004 4.84785 -0.189004 0.0138078 0.981879 0.917654
-0.833575 -0.520467 -0.185113 6.03329 0.507456 -0.853878 0.115673 4.97281 -0.218268 0.00248514 0.975886 0.773878
-0.764613 -0.618676 -0.180571 5.85993 0.598463 -0.785551 0.157328 5.02652 -0.239183 0.0122302 0.970897 0.790771
-0.800477 -0.577886 -0.159013 5.45908 0.566889 -0.816118 0.112201 5.40296 -0.194613 -0.000328447 0.98088 0.832075
-0.73902 -0.656623 -0.150652 5.29917 0.649215 -0.753864 0.101039 5.63766 -0.179915 -0.0231354 0.98341 0.929033
-0.65966 -0.741359 -0.123434 5.26628 0.735899 -0.670497 0.0942676 5.78147 -0.152648 -0.0286504 0.987865 0.666608
-0.548222 -0.828572 -0.113676 5.02007 0.815476 -0.559755 0.147219 6.0349 -0.185612 -0.0119916 0.98255 0.748786
-0.559284 -0.819758 -0.123278 4.74639 0.803588 -0.572649 0.162233 6.48281 -0.203587 -0.00833051 0.979021 0.823929
-0.469208 -0.879146 -0.0833428 4.66596 0.867877 -0.476509 0.140461 6.8345 -0.1632 -0.00642573 0.986572 0.584283
-0.364629 -0.929379 -0.0574564 4.49898 0.914388 -0.369038 0.16645 7.05539 -0.175899 0.00815515 0.984374 0.761522
-0.263302 -0.964644 -0.0116014 4.48164 0.949984 -0.261357 0.170949 7.241 -0.167937 0.0339901 0.985212 0.887994
-0.14607 -0.989269 0.00318478 4.54528 0.970657 -0.142699 0.193552 7.76542 -0.19102 0.0313635 0.981085 0.881886
-0.038161 -0.998551 0.0379438 4.62824 0.982033 -0.0304529 0.186237 7.90082 -0.184812 0.0443691 0.981772 0.845655
0.0687172 -0.997239 0.0281519 4.6451 0.983414 0.0724584 0.166275 8.01438 -0.167855 0.016259 0.985678 0.586901
0.20776 -0.975326 0.0746656 4.69426 0.954226 0.21887 0.203837 8.11151 -0.215149 0.0288987 0.976153 0.667989
0.344464 -0.932527 0.108342 4.73291 0.916547 0.35903 0.17618 8.21504 -0.20319 0.0386129 0.978378 0.636927
0.449287 -0.88156 0.144888 4.79303 0.862769 0.470239 0.185753 8.26927 -0.231885 0.0415484 0.971855 0.698566
0.553966 -0.814582 0.171984 5.03088 0.785375 0.579854 0.216691 8.46574 -0.276238 0.0150325 0.960972 0.616262
0.637068 -0.752834 0.165488 5.19584 0.72754 0.658204 0.193528 8.52094 -0.254619 -0.00289112 0.967037 0.692906
0.712377 -0.682388 0.163907 5.35043 0.658963 0.730743 0.178275 8.59848 -0.241427 -0.0189902 0.970233 0.825818
0.79633 -0.58145 0.166657 5.51839 0.563493 0.813297 0.144999 8.68005 -0.219851 -0.0215568 0.975295 0.47011
0.859575 -0.475823 0.18634 5.68382 0.453624 0.878399 0.15047 8.71728 -0.235278 -0.0448121 0.970895 0.661508
0.912615 -0.353766 0.204899 5.86544 0.335781 0.934528 0.117937 8.75627 -0.233206 -0.0388305 0.971652 0.688863
0.943458 -0.254574 0.21232 5.97551 0.237224 0.965875 0.103976 8.75753 -0.231544 -0.0477297 0.971653 0.793756
0.96072 -0.155047 0.230169 6.3274 0.137734 0.986411 0.0895695 8.80103 -0.240928 -0.0543492 0.96902 0.603369
0.963058 -0.145022 0.226911 6.84131 0.136318 0.989211 0.0536563 8.95612 -0.232244 -0.0207421 0.972436 0.594573
0.983278 -0.0252041 0.180361 7.14298 0.0226931 0.999615 0.0159724 8.97349 -0.180694 -0.0116124 0.983471 0.710084
0.981745 -0.0534918 0.182524 7.6418 0.0465008 0.998019 0.0423718 8.97463 -0.184429 -0.0331108 0.982288 0.865037
0.980083 -0.106946 0.167334 8.07646 0.0981886 0.99337 0.0597838 9.0286 -0.172618 -0.0421627 0.984086 0.430045
0.983583 0.00845068 0.180257 8.42485 -0.0119588 0.999759 0.0183841 9.02481 -0.180058 -0.020238 0.983448 0.614298
0.988846 0.00861917 0.14869 8.93902 -0.0114197 0.999773 0.017991 9.01084 -0.148501 -0.0194883 0.98872 0.776552
0.986787 -0.079284 0.141297 9.40135 0.0717348 0.99575 0.0577511 9.04636 -0.145275 -0.0468521 0.988281 0.438419
0.986353 0.0391482 0.159925 9.73933 -0.0456427 0.998267 0.0371385 9.0297 -0.158194 -0.0439311 0.98643 0.591207
0.983503 0.0400602 0.1764 10.2696 -0.0420993 0.999083 0.00783047 9.02471 -0.175925 -0.0151276 0.984287 0.676006
0.986397 -0.0762196 0.14564 10.5829 0.0705105 0.996541 0.0439761 9.06336 -0.148488 -0.0331087 0.98836 0.744971
0.984463 0.0093387 0.175341 11.0761 -0.0164352 0.999102 0.0390641 9.05012 -0.174819 -0.0413389 0.983732 0.591477
0.981942 0.0136765 0.188685 11.6102 -0.0178116 0.999637 0.0202368 9.08412 -0.18834 -0.0232322 0.981829 0.669348
0.982329 -0.0328036 0.184264 12.0876 0.0226802 0.998129 0.0567812 9.01032 -0.185782 -0.0515986 0.981235 0.464968
0.969657 0.0847741 0.229301 12.4762 -0.0895567 0.995926 0.0105123 8.99776 -0.227476 -0.0307288 0.973299 0.650296
0.979557 0.0392378 0.197301 13.0164 -0.0405774 0.999173 0.00275011 8.98912 -0.197029 -0.0106998 0.980339 0.701494
0.981697 0.030918 0.187921 13.4902 -0.0438533 0.996917 0.06507 8.8586 -0.185329 -0.0721199 0.980026 0.579063
0.98947 0.0846375 0.117408 13.9615 -0.0851341 0.996369 -0.000787763 8.93536 -0.117048 -0.00921596 0.993083 0.740165
0.991237 -0.03679 0.126866 14.3337 0.0339258 0.99912 0.0246645 9.01691 -0.127662 -0.0201443 0.991613 0.595064
0.986188 -0.0533503 0.156801 14.8508 0.0406764 0.995723 0.0829557 8.90796 -0.160556 -0.0754319 0.98414 0.683518
0.993611 -0.0200567 0.111061 15.3901 0.0159344 0.999155 0.0378818 8.97897 -0.111727 -0.0358701 0.993091 0.545895
0.981699 -0.142642 0.126174 15.7597 0.134361 0.98832 0.0719098 8.99043 -0.134958 -0.053641 0.989398 0.732895
0.990245 -0.0389981 0.13377 16.2776 0.0335901 0.998534 0.0424501 9.07201 -0.135229 -0.0375427 0.990103 0.518167
0.982164 -0.136647 0.129158 16.7775 0.128252 0.989178 0.0712608 9.12261 -0.137498 -0.0534251 0.98906 0.6916
0.963153 -0.240114 0.12117 16.9943 0.229616 0.96869 0.0944205 9.24494 -0.140048 -0.0631187 0.988131 0.787706
0.97074 -0.211574 0.113578 17.4287 0.203054 0.97572 0.0820914 9.39374 -0.128189 -0.056627 0.990132 0.553285
0.93846 -0.337564 0.0731029 17.675 0.329098 0.938173 0.107359 9.51866 -0.104824 -0.076694 0.991529 0.509332
0.896431 -0.435143 0.084034 17.7794 0.425215 0.897928 0.113658 9.64205 -0.124914 -0.0661541 0.98996 0.646531
0.825093 -0.560636 0.070058 17.9125 0.545909 0.823024 0.15689 9.7712 -0.145618 -0.0912036 0.985128 0.653471
0.763887 -0.645116 0.0173842 18.0097 0.630888 0.752169 0.190322 9.89086 -0.135856 -0.134417 0.981568 0.82711
0.676512 -0.736067 -0.0231642 18.0924 0.728312 0.664063 0.169063 10.1892 -0.109059 -0.131244 0.985333 0.712882
0.594266 -0.803832 -0.0264997 18.0729 0.797073 0.584231 0.152803 10.3079 -0.107346 -0.111928 0.987901 0.842997
0.477405 -0.876638 -0.0599121 18.0345 0.875217 0.468365 0.120955 10.4197 -0.0779731 -0.110181 0.990848 0.946106
0.377614 -0.923828 -0.0628488 18.002 0.923546 0.370859 0.0976089 10.5141 -0.0668657 -0.0949022 0.993238 0.648731
0.247634 -0.966106 -0.0729089 17.9526 0.963568 0.237735 0.122554 10.6 -0.101067 -0.100601 0.98978 0.713414
0.104962 -0.990076 -0.093449 17.8885 0.989254 0.0943318 0.111705 10.6477 -0.101781 -0.10417 0.989338 0.748725
-0.0386909 -0.993491 -0.107141 17.8143 0.986915 -0.0547887 0.151646 10.697 -0.156529 -0.0998713 0.982611 0.534956
-0.207351 -0.969617 -0.129806 17.7417 0.9618 -0.226301 0.154042 10.7229 -0.178737 -0.0929064 0.979501 0.56456
-0.351469 -0.921956 -0.162688 17.659 0.916237 -0.374435 0.142503 10.7552 -0.192297 -0.0989754 0.976333 0.58701
-0.451063 -0.875343 -0.174118 17.5535 0.871488 -0.47406 0.125603 10.7703 -0.192488 -0.095087 0.976682 0.656707
-0.539535 -0.818196 -0.19864 17.3903 0.812815 -0.567693 0.130597 10.7754 -0.219621 -0.0909957 0.971332 0.55995
-0.645861 -0.736445 -0.201278 17.2078 0.730997 -0.672579 0.115241 10.7656 -0.220244 -0.0727041 0.972731 0.697599
-0.74343 -0.642462 -0.18589 17.085 0.640641 -0.763874 0.0779411 10.871 -0.192071 -0.061145 0.979474 0.44667
-0.828679 -0.535115 -0.164143 16.9576 0.533654 -0.843801 0.0566754 10.9718 -0.168832 -0.0406298 0.984807 0.552163
-0.88448 -0.435438 -0.1676 16.8628 0.43423 -0.899639 0.0457575 10.9691 -0.170704 -0.0323053 0.984793 0.471785
-0.924894 -0.338076 -0.174001 16.7622 0.335626 -0.940956 0.0442322 10.9269 -0.178681 -0.0174892 0.983752 0.626239
-0.953853 -0.232431 -0.190106 16.6148 0.232979 -0.972281 0.019781 10.9475 -0.189434 -0.0254226 0.981564 0.342945
-0.974191 -0.125291 -0.18776 16.498 0.126069 -0.99199 0.00784369 10.9367 -0.187239 -0.0160294 0.982184 0.517107
-0.982389 -0.00963965 -0.186598 16.2267 0.0152151 -0.999479 -0.0284705 10.8855 -0.186226 -0.0308082 0.982024 0.670896
-0.987215 -0.0905979 -0.131143 15.7132 0.0901091 -0.995885 0.00966899 10.9358 -0.13148 -0.00227182 0.991316 0.617223
-0.991288 0.0142197 -0.13094 15.261 -0.0121255 -0.999786 -0.0167768 10.9702 -0.13115 -0.0150429 0.991248 0.541055
